0.14847277104854584
0.39367935061454773
0.7607506513595581
0.7692053914070129
0.7772271633148193
0.7819284796714783
0.7849454283714294
0.7869268655776978
0.7890995740890503
0.7906357645988464
0.7920003533363342
0.7929213047027588
0.7936288118362427
0.7942412495613098
0.7944785356521606
0.7946880459785461
0.7947391271591187
0.7950713038444519
0.7951931357383728
0.7953352928161621
0.795435905456543
0.7955571413040161
0.7956919074058533
0.795759916305542
0.7958035469055176
0.7958844900131226
0.7959702610969543
0.7960367202758789
0.7960654497146606
0.7961002588272095
0.7961384057998657
0.7961527109146118
0.7961793541908264
0.7962011098861694
0.7962227463722229
0.7962461709976196
0.7962737679481506
0.7962943911552429
0.7963199019432068
0.7963426113128662
0.7963578104972839
0.7963729500770569
0.7963873744010925
0.7963993549346924
0.7964059710502625
0.7964156866073608
0.796424150466919
0.7964303493499756
0.7964349985122681
0.7964391112327576
0.1476694941520691
0.5265461206436157
0.8087813854217529
0.8227172493934631
0.831893265247345
0.8359187245368958
0.8380971550941467
0.8384074568748474
0.840315043926239
0.8416033387184143
0.8423821926116943
0.8431070446968079
0.8432788848876953
0.8437873125076294
0.8440802693367004
0.8443381190299988
0.8444614410400391
0.8446818590164185
0.8448432087898254
0.8449973464012146
0.8450840711593628
0.8451841473579407
0.8452904224395752
0.8453323841094971
0.8453489542007446
0.845399796962738
0.8454524278640747
0.845471203327179
0.8455400466918945
0.8455623984336853
0.8455905914306641
0.8456292152404785
0.8456605076789856
0.8456843495368958
0.8457136154174805
0.8457295894622803
0.8457544445991516
0.8457690477371216
0.8457894921302795
0.8458176255226135
0.8458521962165833
0.845870852470398
0.8458870053291321
0.8459076285362244
0.8459343314170837
0.8459579348564148
0.8459725379943848
0.8459956049919128
0.8460065126419067
0.8460180163383484
0.09889940172433853
0.25039592385292053
0.5950948596000671
0.8348405957221985
0.8421642780303955
0.8452573418617249
0.847530722618103
0.8491985201835632
0.850990891456604
0.8522676229476929
0.8543040752410889
0.8563450574874878
0.8573787808418274
0.858340322971344
0.8592023253440857
0.8595170378684998
0.8600632548332214
0.8608301281929016
0.8617122769355774
0.8623619079589844
0.8626610040664673
0.8627966642379761
0.8631302118301392
0.8632729649543762
0.8634756207466125
0.8636640310287476
0.8638494610786438
0.8640061616897583
0.8641021847724915
0.8642297387123108
0.8643218278884888
0.8644188046455383
0.8644862174987793
0.8645504117012024
0.8646044135093689
0.8646729588508606
0.8647443056106567
0.8648049235343933
0.864853024482727
0.8649047017097473
0.8649625778198242
0.8649854063987732
0.8650206923484802
0.8650431632995605
0.8650631308555603
0.8650780320167542
0.86510169506073
0.8651293516159058
0.865156352519989
0.8651772141456604
0.1093767061829567
0.6168166995048523
0.6308407187461853
0.6314534544944763
0.6316331028938293
0.6318089962005615
0.6319783926010132
0.6320773363113403
0.632148027420044
0.6321985125541687
0.632228434085846
0.632240355014801
0.6322855353355408
0.6323224902153015
0.6323394179344177
0.6323532462120056
0.632365882396698
0.6323736906051636
0.6323782205581665
0.6323855519294739
0.6323899030685425
0.6323941349983215
0.6323992609977722
0.6324031352996826
0.6324065923690796
0.632411539554596
0.6324156522750854
0.6324187517166138
0.6324220299720764
0.632425844669342
0.6324285268783569
0.6324298977851868
0.6324329376220703
0.632434606552124
0.6324349641799927
0.6324363350868225
0.6324372887611389
0.6324385404586792
0.6324390172958374
0.6324397921562195
0.6324408650398254
0.632441520690918
0.6324423551559448
0.6324429512023926
0.6324436664581299
0.6324445009231567
0.632445216178894
0.6324455142021179
0.6324458122253418
0.6324461102485657
