0.33374306559562683
1.214949369430542
1.249998927116394
2.597884178161621
2.5970394611358643
8.25119400024414
1.3402305841445923
0.8766065835952759
0.7425151467323303
1.3005123138427734
0.5735152959823608
0.7298974990844727
0.6569263935089111
0.6221432685852051
0.38041892647743225
0.554716169834137
0.6637941598892212
1.3575904369354248
1.448752760887146
0.3644631505012512
0.3945591151714325
0.5316879749298096
0.8735780715942383
0.8719314932823181
0.7307131290435791
0.3934393525123596
0.5930697917938232
0.8266257047653198
0.7629246115684509
0.9262547492980957
1.2418160438537598
0.41526973247528076
0.36758729815483093
0.3398417830467224
0.0818047896027565
0.09486555308103561
0.10388107597827911
0.05742445960640907
0.04788680374622345
0.05376116558909416
0.04839269071817398
0.09872613847255707
0.2034759223461151
0.08146052062511444
0.03402579948306084
0.04342976212501526
0.032790541648864746
0.03661856800317764
0.03309190645813942
0.01769282855093479
0.2972933053970337
0.45493271946907043
0.7852802872657776
0.5391625165939331
0.8607749342918396
0.45229724049568176
0.34655526280403137
0.28819549083709717
0.6165485382080078
0.3004944622516632
0.4185824692249298
0.15175913274288177
0.25713616609573364
0.4511083662509918
0.2693098783493042
0.17915500700473785
0.13834832608699799
0.20335085690021515
0.11638300865888596
0.07830244302749634
0.10201861709356308
0.12269385904073715
0.07136443257331848
0.07690732926130295
0.04991055652499199
0.05764491483569145
0.04077541455626488
0.060809191316366196
0.02454584836959839
0.024795670062303543
0.02829561196267605
0.015816019847989082
0.015288038179278374
0.010431557893753052
0.010394404642283916
0.013105751015245914
0.014610601589083672
0.007924629375338554
0.005948970094323158
0.006935307756066322
0.0064245909452438354
0.004806190729141235
0.003546453081071377
0.0022157873027026653
0.003457179293036461
0.007793636526912451
0.005804275628179312
0.004688370041549206
0.0029454429168254137
0.0052578444592654705
0.17502686381340027
0.24103856086730957
0.6200719475746155
0.8403487801551819
1.4026660919189453
1.3143391609191895
0.6862285733222961
1.2314395904541016
0.8480793833732605
0.5327627062797546
0.8408834934234619
0.46190741658210754
1.078770637512207
2.7161455154418945
2.0184483528137207
1.3570772409439087
1.0323405265808105
0.5760406255722046
0.8694559335708618
1.4922960996627808
4.196801662445068
3.8299050331115723
1.6404987573623657
0.6739974021911621
0.39266011118888855
0.4062204957008362
0.26661503314971924
0.20551450550556183
0.18660180270671844
0.3523155748844147
0.12306303530931473
0.054854027926921844
0.05676233395934105
0.04168578237295151
0.027796583250164986
0.07723262906074524
0.09035299718379974
0.048521608114242554
0.013715717941522598
0.01738695055246353
0.02398260310292244
0.01584962196648121
0.021947413682937622
0.008311822079122066
0.008362828753888607
0.013500602915883064
0.006985639687627554
0.011708800680935383
0.010129991918802261
0.013104972429573536
0.31781166791915894
0.6601020693778992
0.8361271023750305
1.5772072076797485
0.6436063647270203
0.5289408564567566
0.4298441708087921
0.43919363617897034
0.6654397249221802
0.4142715334892273
0.567080557346344
0.3549662232398987
0.5877785086631775
0.8656942844390869
1.298635721206665
0.37410277128219604
0.7259780168533325
0.21839551627635956
0.11203040182590485
0.10812496393918991
0.17747552692890167
0.41480913758277893
0.07023969292640686
0.11888889968395233
0.13690154254436493
0.1328049600124359
0.25061455368995667
0.2309183031320572
0.17996269464492798
0.25397589802742004
0.29839199781417847
0.08242758363485336
0.06675855815410614
0.09855789691209793
0.15142183005809784
0.1625967174768448
0.054691798985004425
0.11032570153474808
0.11798340082168579
0.07975953817367554
0.05186069756746292
0.017049141228199005
0.03637292981147766
0.012459111399948597
0.014117616228759289
0.013412723317742348
0.023259326815605164
0.041348300874233246
0.014831759966909885
0.010567164979875088
